3.207100000000000000e+04
5.103000000000000000e+03
2.282200000000000000e+04
1.904800000000000000e+04
2.287000000000000000e+04
4.940400000000000000e+04
2.595700000000000000e+04
9.814000000000000000e+03
5.512000000000000000e+03
7.425000000000000000e+03
4.832200000000000000e+04
4.014500000000000000e+04
3.631900000000000000e+04
4.214200000000000000e+04
2.159300000000000000e+04
6.765000000000000000e+03
7.065000000000000000e+03
2.702300000000000000e+04
4.470100000000000000e+04
2.221600000000000000e+04
1.672500000000000000e+04
3.124700000000000000e+04
1.397900000000000000e+04
2.650000000000000000e+02
1.725500000000000000e+04
4.875200000000000000e+04
2.704000000000000000e+03
4.712200000000000000e+04
2.185900000000000000e+04
3.500200000000000000e+04
